1
3
6
8
9
12
14
20
21
29
30
33
46
49
55
67
72
78
86
90
91
98
102
103
104
106
109
116
122
125
140
144
156
157
160
161
166
174
186
188
196
239
243
264
510
511
545
546
547
605
607
610
701
705
714
763
773
793
794
797
813
1201
1214
1215
1236
1239
1244
1246
1286
1288
1312
1348
1350
1351
1355
1356
1358
1397
1399
1401
1405
1406
1407
1409
1416
1417
1420
1421
1422
1427
1430
1438
1442
1444
1449
1609
1615
1617
1621
1623
1629
1632
1634
1636
1640
1641
1642
1647
1654
1661
1663
1676
1678
1692
1698
1699
1702
1706
1712
1751
1757
1761
1777
1783
1787
1790
1791
1810
1811
1812
1813
1872
1874
1879
1886
1906
1921
1931
1932
1956
1965
1975
1997
1999
2003
2013
2020
2024
2031
2033
2035
2047
2050
2145
2149
2154
2274
2276
2384
2532
2534
2559
2571
2575
2597
2609
2631
2636
2642
2646
2648
2650
2695
2705
2709
2710
2714
2717
2725
2727
2729
2733
2734
2737
2754
2768
2771
2824
2894
2897
2904
2923
2928
3080
3118
3130
3134
3147
3245
3297
3324
3356
3364
3379
3384
3389
3392
3401
3408
3411
3446
3448
3455
3458
3465
3481
3494
3495
3554
3555
3566
3571
3573
3575
3576
3577
3585
3598
3614
3644
3648
3655
3670
3680
3705
3708
3709
3719
3722
3727
3729
3733
3738
3743
3753
3756
3761
3763
3769
3777
3778
3782
3791
3795
3807
3815
3820
3826
3837
3838
3847
3911
3914
3921
3926
3927
3930
3952
3955
3957
3966
3999
4010
4046
4050
4133
4145
4166
4182
4183
4185
4186
4187
4188
4195
4196
4212
4231
4232
4243
4249
4255
4268
4269
4307
4318
4319
4354
4355
4356
4364
4366
4367
4373
4374
4378
4385
4390
4411
4451
4454
4455
4456
4466
4473
4475
4514
4543
4546
4547
4549
4555
4563
4569
4574
4583
4597
4661
4871
4875
4877
4879
4883
4885
4888
4889
4890
4893
4894
4895
4896
4897
4902
4903
4905
4908
4912
4913
4917
4946
4963
4968
4969
4983
4985
4989
4996
5041
5048
5054
5055
5064
5067
5068
5079
5088
5093
5096
5112
5118
5407
5436
5600
5632
5635
5655
5664
5665
5672
5696
5702
5703
5718
5723
5728
5744
5766
5773
5774
5787
5788
5797
6025
6066
6071
6074
6075
6077
6102
6103
6109
6112
6126
6137
6142
6152
6161
6174
6189
6195
6200
6216
6220
6231
6239
6241
6244
6246
6248
6253
6254
6255
6279
6280
6286
6289
6290
6297
6307
6308
6309
6316
6318
6319
6334
6336
6349
6352
6363
6366
6368
6370
6377
6379
6394
6404
6408
6410
6411
6431
6432
6435
6437
6448
6451
6462
6468
6478
6479
6481
6482
6485
6493
6494
6501
6519
6522
6524
6527
6541
6550
6553
6566
6569
6591
6597
6612
6618
6623
6629
6641
6646
6653
6717
6738
6779
6859
6917
6919
6932
6936
6943
6947
6949
6958
6971
6973
6979
6984
6988
7013
7018
7020
7024
7030
7040
7045
7054
7068
7078
7088
7093
7098
7116
7124
7133
7136
7143
7146
7148
7152
7153
7163
7165
7169
7170
7178
7183
7194
7208
7213
7221
7233
7238
7256
7257
7269
7271
7281
7286
7287
7297
7301
7310
7311
7317
7321
7328
7334
7345
7354
7358
7362
7366
7368
7382
7384
7386
7403
7407
7410
7419
7423
7435
7448
7456
7615
7723
7726
7727
7733
7734
7748
7751
7754
7759
7767
7770
7772
7781
7786
7792
7799
7805
7809
7810
7816
7838
7839
7856
7859
7862
7867
7868
7871
7877
7882
7903
7912
7914
7921
7923
7926
7933
7936
7941
7942
7955
7968
7973
7985
7996
7998
8009
8010
8011
8012
8014
8018
8029
8059
8075
8079
8083
8084
8097
8111
8116
8117
8119
8120
8134
8137
8149
8159
8161
8173
8175
8221
8224
8237
8247
8265
8266
8271
8318
8558
8561
8669
8686
8687
8689
8723
8787
8805
8818
8902
8911
8912
8921
8999
9052
9075
9084
9086
9092
9168
9193
9241
9246
9751
10094
10101
10240
10241
10259
10264
10265
10273
10274
10279
10290
10297
10298
10316
10317
10333
10337
10344
10361
10370
10372
10379
10381
10384
10389
10400
10405
10411
10428
10434
10439
10441
10444
10448
10453
10455
10458
10461
10467
10469
10484
10499
10507
10511
10517
10524
10525
10532
10538
10545
10553
10558
10561
10566
10571
10584
10598
10599
10604
10615
10616
10636
10650
10655
10659
10661
10662
10668
10676
10685
10694
10695
10696
10703
10717
10722
10732
10745
10754
10755
10763
10779
10784
10788
10790
10799
10801
10806
10808
10818
10837
10844
10846
10849
10857
10858
10879
10884
10890
10891
10899
10915
10919
10922
10925
10926
10931
10934
10935
10941
10944
10945
10949
10953
10958
10959
10962
10967
10975
10980
10981
10982
10984
10985
10987
10988
10991
10995
10997
10998
11002
11003
11004
11005
11006
11010
11016
11019
11023
11039
11040
11043
11044
11045
11047
11054
11056
11057
11059
11061
11065
11066
11067
11077
11086
11088
11089
11090
11092
11101
11106
11108
11121
11123
11126
11130
11133
11135
11140
11144
11151
11152
11154
11155
11160
11161
11165
11166
11170
11171
11176
11183
11184
11186
11187
11188
11191
11196
11197
11198
11199
11204
11207
11211
11215
11217
11218
11219
11222
11227
11228
11233
11240
11241
11245
11247
11248
11250
11251
11263
11264
11266
11267
11273
11276
11279
11283
11286
11287
11289
11297
11304
11306
11309
11313
11316
11318
11323
11325
11326
11329
11331
11334
11336
11337
11342
11343
11347
11355
11357
11358
11360
11361
11364
11365
11369
11372
11374
11382
11396
11406
11407
11413
11417
11429
11430
11437
11441
11448
11449
11452
11454
11459
11463
11465
11466
11471
11473
11475
11478
11479
11480
11482
11483
11487
11488
11490
11492
11494
11495
11496
11500
11504
11505
11513
11520
11521
11528
11529
11533
11545
11546
11548
11551
11552
11553
11559
11564
11577
11578
11579
11583
11584
11590
11595
11596
11598
11603
11604
11605
11608
11609
11613
11615
11616
11621
11623
11624
11626
11634
11636
11640
11655
11656
11657
11665
11669
11674
11676
11680
11681
11685
11700
11701
11702
11703
11715
11716
11719
11720
11722
11724
11725
11728
11732
11733
11734
11740
11743
11753
11754
11755
11757
11760
11765
11769
11773
11779
11783
11787
11788
11790
11793
11795
11797
11798
11805
11807
11811
11813
11814
11818
11819
11820
11825
11826
11829
11831
11832
11834
11843
11856
11857
11861
11870
11872
11879
11882
11884
11889
11890
11895
11898
11899
11901
11902
11903
11905
11911
11914
11922
11924
11926
11927
11928
11929
11930
11933
11935
11936
11939
11941
11943
11944
11949
11954
11957
11962
11963
11967
11968
11971
11975
11980
11981
11982
11984
11985
11988
12000
12001
12007
12008
12015
12016
12017
12018
12019
12024
12026
12028
12037
12038
12043
12049
12050
12052
12054
12055
12058
12062
12063
12065
12071
12072
12074
12075
12076
12079
12080
12081
12082
12085
12087
12089
12090
12093
12098
12099
12103
12105
12106
12113
12114
12115
12116
12117
12119
12120
12122
12123
12130
12131
12133
12134
12141
12142
12147
12151
12152
12153
12154
12157
12161
12166
12167
12168
12170
12171
12172
12173
12183
12184
12187
12192
12195
12196
12200
12208
12209
12213
12214
12217
12218
12220
12221
12229
12233
12234
12238
12240
12241
12244
12251
12257
12267
12282
12285
12286
12290
12311
12355
12362
12388
12409
12486
12488
12508
12510
12512
12516
12518
12519
12521
12531
12533
12536
12540
12553
12565
12577
12625
12645
12666
12682
12701
12727
12804
12822
12824
12826
12845
12855
12860
12910
12942
12961
12971
13001
13008
13039
13156
13191
13222
13226
13246
13276
13287
13301
13313
13314
13317
13322
13323
13325
13326
13328
13329
13330
13336
13339
13340
13342
13347
13348
13356
13360
13363
13368
13370
13372
13373
13375
13376
13380
13387
13388
13389
13391
13392
13395
13396
13401
13405
13410
13414
13416
13418
13428
13430
13431
13434
13437
13441
13443
13444
13445
13448
13449
13450
13454
13457
13458
13461
13462
13464
13466
13467
13473
13482
13483
13486
13491
13498
13499
13502
13506
13507
13511
13516
13517
13518
13524
13534
13535
13540
13541
13543
13546
13547
13550
13553
13554
13557
13562
13565
13567
13570
13572
13578
13581
13588
13598
13599
13605
13606
13608
13611
13613
13618
13619
13620
13621
13624
13626
13628
13630
13631
13632
13634
13636
13639
13647
13652
13655
13658
13659
13660
13669
13672
13684
13685
13687
13688
13689
13690
13695
13696
13698
13701
13707
13711
13715
13716
13717
13722
13723
13724
13729
13731
13735
13736
13740
13741
13742
13743
13745
13746
13747
13748
13750
13756
13758
13763
13765
13769
13772
13778
13782
13783
13785
13788
13794
13797
13803
13804
13806
13807
13812
13813
13814
13821
13823
13826
13827
13832
13834
13837
13843
13846
13847
13848
13849
13853
13857
13859
13860
13862
13866
13867
13873
13880
13882
13888
13889
13891
13893
13897
13901
13904
13912
13919
13920
13927
13938
13944
13945
13949
13954
13956
13963
13968
13976
13980
13982
13985
13987
13988
13989
13990
13992
13996
13998
14000
14003
14006
14007
14009
14010
14013
14015
14019
14021
14022
14025
14033
14039
14043
14044
14045
14047
14049
14056
14062
14064
14066
14068
14072
14075
14081
14086
14091
14092
14093
14099
14100
14108
14109
14110
14112
14118
14119
14123
14126
14127
14128
14132
14136
14139
14140
14143
14144
14148
14150
14151
14155
14161
14162
14163
14166
14167
14172
14173
14174
14175
14182
14185
14189
14195
14201
14203
14205
14211
14214
14215
14217
14218
14226
14238
14241
14246
14248
14251
14254
14255
14266
14267
14273
14278
14279
14281
14287
14289
14291
14293
14294
14298
14299
14301
14306
14308
14310
14317
14320
14323
14324
14327
14328
14338
14340
14341
14343
14347
14353
14360
14368
14374
14376
14378
14379
14381
14384
14385
14387
14388
14391
14392
14394
14396
14398
14399
14413
14414
14416
14417
14418
14421
14422
14423
14424
14432
14433
14436
14437
14438
14441
14443
14446
14447
14450
14452
14454
14456
14458
14464
14465
14466
14469
14470
14478
14479
14481
14484
14485
14488
14489
14491
14493
14494
14497
14504
14508
14509
14521
14526
14532
14533
14538
14539
14541
14543
14545
14550
14556
14561
14568
14573
14577
14578
14590
14599
14601
14602
14609
14611
14616
14619
14625
14626
14627
14628
14630
14631
14633
14635
14648
14649
14652
14654
14658
14660
14661
14665
14666
14671
14672
14676
14677
14681
14682
14685
14686
14687
14688
14691
14694
14699
14700
14713
14720
14721
14725
14728
14731
14733
14738
14739
14746
14748
14750
14752
14756
14757
14764
14767
14771
14783
14784
14785
14788
14790
14792
14794
14797
14799
14805
14807
14810
14811
14821
14822
14833
14835
14837
14841
14843
14844
14849
14850
14852
14861
14865
14878
14879
14888
14891
14892
14893
14894
14895
14898
14899
14906
14909
14912
14919
14920
14921
14922
14923
14928
14930
14941
14945
14948
14950
14952
14958
14959
14963
14965
14967
14969
14974
14976
14983
14990
14991
14996
14999
15005
15009
15012
15013
15026
15028
15029
15032
15035
15036
15038
15040
15041
15045
15046
15048
15051
15059
15067
15069
15070
15071
15073
15076
15080
15083
15084
15086
15089
15091
15092
15098
15099
15104
15111
15112
15115
15117
15121
15130
15132
15137
15139
15143
15145
15146
15147
15148
15153
15155
15158
15162
15163
15168
15169
15170
15171
15173
15177
15182
15184
15185
15195
15204
15209
15213
15215
15216
15222
15224
15226
15228
15235
15237
15239
15240
15244
15247
15250
15251
15253
15258
15259
15262
15263
15266
15268
15271
15275
15277
15279
15282
15289
15293
15295
15297
15299
15301
15302
15303
15308
15310
15315
15317
15322
15325
15335
15343
15345
15346
15354
15358
15379
15388
15395
15401
15422
15425
15426
15456
15479
15502
15509
15516
15540
15548
15566
15568
15572
15597
15614
15654
15667
15677
15692
15697
15704
15751
15753
15826
15838
15839
15850
15863
15914
15954
15961
15967
15968
15988
15989
16037
16039
16046
16071
16136
16141
16162
16168
16174
16186
16189
16195
16211
16224
16238
16293
16294
16320
16334
16341
16351
16359
16362
16378
16385
16387
16389
16390
16391
16398
16402
16405
16407
16409
16410
16412
16414
16415
16420
16423
16432
16435
16437
16439
16463
16464
16468
16469
16475
16476
16477
16479
16489
16490
16492
16493
16495
16500
16504
16507
16516
16517
16527
16533
16535
16539
16544
16549
16551
16552
16555
16558
16561
16562
16563
16565
16567
16571
16572
16577
16578
16581
16585
16586
16593
16599
16612
16613
16616
16621
16632
16638
16640
16642
16643
16644
16646
16648
16649
16650
16653
16655
16659
16664
16665
16666
16669
16673
16674
16676
16677
16681
16692
16698
16704
16705
16706
16710
16711
16714
16717
16719
16720
16721
16726
16728
16733
16734
16738
16743
16745
16746
16751
16754
16757
16759
16760
16761
16763
16765
16766
16769
16771
16773
16776
16782
16785
16787
16788
16793
16795
16797
16799
16801
16803
16804
16806
16807
16812
16813
16815
16816
16817
16818
16822
16824
16827
16829
16830
16831
16833
16835
16838
16846
16848
16850
16855
16856
16858
16860
16861
16867
16868
16869
16875
16877
16880
16886
16889
16892
16895
16898
16906
16909
16912
16926
16927
16931
16934
16937
16939
16940
16941
16947
16950
16953
16954
16955
16956
16960
16969
16980
16985
16987
16988
16991
16992
16994
16996
16997
16999
17002
17003
17005
17009
17011
17013
17015
17020
17021
17022
17027
17028
17030
17032
17033
17037
17038
17039
17041
17042
17043
17044
17047
17049
17050
17052
17053
17058
17060
17061
17064
17070
17071
17073
17074
17078
17082
17084
17088
17091
17097
17101
17103
17106
17110
17111
17112
17116
17123
17130
17131
17133
17134
17140
17143
17145
17150
17155
17157
17158
17159
17160
17161
17168
17169
17172
17173
17174
17178
17184
17188
17189
17191
17193
17199
17203
17215
17221
17233
17235
17237
17240
17264
17269
17274
17275
17276
17282
17283
17289
17297
17300
17302
17303
17305
17307
17311
17316
17317
17319
17321
17323
17325
17332
17343
17345
17347
17348
17349
17350
17357
17359
17360
17361
17364
17365
17366
17369
17370
17374
17381
17386
17389
17394
17395
17397
17398
17405
17406
17456
17466
17903
18004
18052
18187
18379
18434
18440
18441
18452
18454
18456
18459
18468
18470
18473
18476
18478
18482
18484
18486
18493
18495
18502
18505
18506
18509
18510
18518
18522
18523
18524
18529
18530
18533
18539
18540
18543
18548
18555
18556
18559
18564
18566
18567
18570
18571
18573
18574
18577
18580
18582
18583
18590
18597
18600
18601
18602
18603
18605
18606
18612
18620
18621
18628
18636
18639
18650
18654
18656
18659
18674
18676
18682
18685
18688
18689
18691
18692
18697
18701
18702
18704
18709
18713
18714
18715
18716
18720
18723
18726
18727
18728
18733
18736
18745
18746
18749
18750
18755
18756
18757
18760
18773
18776
18784
18786
18787
18788
18790
18794
18795
18802
18808
18811
18816
18819
18824
18829
18831
18832
18833
18834
18835
18838
18842
18844
18852
18853
18855
18859
18860
18864
18865
18867
18871
18873
18874
18878
18887
18888
18892
18897
18901
18902
18903
18907
18910
18915
18917
18923
18924
18927
18928
18930
18934
18938
18940
18943
18950
18952
18954
18956
18961
18964
18969
18971
18974
18985
18998
19004
19005
19007
19013
19017
19020
19021
19023
19041
19042
19043
19048
19051
19054
19055
19056
19057
19058
19061
19065
19066
19067
19072
19079
19085
19088
19096
19098
19099
19102
19103
19104
19105
19106
19113
19115
19118
19126
19128
19133
19134
19135
19137
19140
19142
19155
19156
19165
19166
19174
19178
19183
19187
19189
19193
19197
19201
19205
19210
19211
19213
19219
19222
19225
19227
19229
19230
19235
19236
19237
19239
19240
19241
19242
19244
19245
19246
19247
19248
19250
19251
19253
19254
19264
19268
19270
19277
19279
19285
19288
19290
19294
19301
19303
19307
19311
19312
19313
19316
19317
19319
19323
19325
19328
19334
19339
19340
19343
19347
19349
19353
19364
19369
19372
19374
19375
19378
19379
19380
19396
19400
19404
19409
19417
19418
19419
19424
19425
19426
19431
19434
19441
19443
19449
19451
19452
19454
19455
19457
19458
19459
19460
19470
19472
19473
19475
19477
19499
19503
19506
19507
19510
19511
19513
19514
19516
19523
19526
19527
19528
19532
19533
19534
19535
19536
19540
19543
19545
19555
19557
19559
19560
19563
19570
19573
19575
19576
19577
19578
19580
19589
19590
19596
19597
19598
19599
19602
19606
19610
19612
19613
19615
19617
19618
19619
19621
19622
19623
19625
19627
19630
19637
19640
19642
19643
19647
19650
19655
19657
19658
19659
19663
19664
19674
19678
19679
19683
19684
19687
19690
19695
19697
19700
19703
19704
19709
19717
19721
19722
19727
19728
19730
19735
19738
19742
19743
19746
19749
19757
19758
19762
19764
19768
19769
19772
19774
19775
19783
19786
19790
19801
19804
19805
19806
19808
19816
19825
19829
19830
19831
19840
19841
19844
19849
19851
19852
19853
19858
19860
19865
19866
19871
19882
19885
19886
19891
19896
19897
19898
19909
19912
19913
19916
19917
19918
19920
19921
19923
19927
19934
19936
19937
19942
19949
19951
19952
19954
19956
19957
19964
19966
19967
19970
19973
19976
19977
19979
19980
19984
19986
19987
19988
19993
19994
19995
19997
19998
20016
20018
20019
20030
20035
20037
20039
20040
20041
20042
20046
20049
20050
20053
20058
20060
20062
20064
20067
20069
20073
20075
20078
20079
20082
20083
20088
20098
20105
20107
20113
20118
20120
20122
20123
20127
20128
20129
20130
20132
20133
20135
20137
20138
20139
20143
20149
20153
20154
20155
20157
20159
20163
20167
20169
20170
20171
20174
20179
20185
20187
20189
20197
20210
20214
20216
20220
20223
20227
20230
20233
20234
20240
20242
20247
20248
20249
20250
20252
20254
20258
20260
20274
20275
20277
20278
20282
20284
20286
20287
20290
20293
20298
20310
20313
20315
20322
20325
20326
20327
20330
20331
20336
20348
20357
20359
20360
20362
20364
20365
20366
20368
20371
20379
20381
20382
20385
20386
20387
20389
20390
20391
20393
20395
20396
20397
20400
20402
20404
20406
20409
20410
20411
20416
20417
20426
20427
20433
20435
20436
20439
20440
20441
20442
20447
20451
20455
20457
20464
20470
20472
20475
20477
20617
20648
20665
20679
20718
20755
20773
20782
20825
20830
20857
20893
20915
20923
20924
20926
20933
20940
20990
20994
21003
21057
21070
21073
21122
21125
21130
21138
21159
21188
21221
21235
21267
21327
21342
21345
21433
21470
21472
21478
21505
21507
21509
21511
21514
21515
21518
21521
21524
21535
21538
21542
21543
21549
21552
21554
21555
21557
21558
21560
21563
21565
21576
21580
21581
21583
21586
21587
21588
21589
21595
21596
21597
21598
21605
21606
21608
21611
21615
21617
21620
21622
21623
21624
21630
21631
21633
21634
21636
21638
21640
21646
21648
21650
21651
21655
21658
21659
21661
21662
21665
21666
21672
21676
21679
21680
21681
21683
21685
21693
21705
21707
21710
21712
21714
21717
21724
21728
21729
21733
21734
21735
21740
21742
21744
21749
21754
21757
21758
21763
21773
21777
21778
21780
21787
21789
21791
21793
21797
21798
21800
21803
21807
21808
21814
21821
21822
21825
21833
21842
21845
21848
21851
21852
21855
21858
21861
21866
21869
21870
21871
21872
21874
21881
21882
21885
21886
21887
21892
21893
21899
21900
21901
21904
21905
21908
21909
21914
21919
21921
21923
21927
21928
21930
21934
21937
21938
21940
21942
21953
21961
21962
21965
21969
21970
21979
21981
21982
21984
21985
21986
21987
21990
21991
21993
21994
22000
22001
22007
22008
22012
22014
22017
22022
22028
22030
22032
22034
22037
22040
22043
22044
22048
22051
22053
22056
22057
22058
22063
22064
22065
22076
22077
22082
22083
22086
22088
22089
22091
22093
22095
22096
22102
22104
22107
22109
22112
22114
22116
22125
22130
22131
22134
22135
22137
22140
22144
22151
22159
22160
22176
22178
22181
22182
22183
22184
22187
22188
22190
22191
22192
22193
22195
22196
22198
22199
22200
22203
22204
22208
22209
22211
22213
22214
22216
22221
22224
22232
22233
22234
22235
22238
22239
22244
22249
22252
22254
22255
22256
22257
22260
22261
22268
22269
22273
22279
22280
22283
22288
22290
22292
22294
22295
22307
22308
22309
22311
22312
22313
22314
22317
22324
22328
22330
22333
22334
22337
22338
22344
22346
22347
22353
22358
22362
22369
22372
22373
22375
22379
22380
22385
22396
22399
22406
22409
22410
22414
22417
22420
22421
22423
22434
22435
22438
22444
22445
22446
22447
22448
22449
22450
22456
22460
22465
22468
22470
22474
22476
22477
22478
22479
22482
22483
22484
22488
22495
22498
22502
22503
22504
22507
22510
22513
22516
22518
22521
22526
22527
22528
22535
22538
22540
22543
22544
22545
22551
22553
22555
22556
22567
22569
22574
22575
22577
22579
22580
22587
22588
22591
22593
22596
22602
22604
22607
22610
22617
22618
22620
22621
22624
22631
22633
22634
22640
22641
22642
22644
22646
22649
22651
22654
22659
22660
22663
22665
22666
22668
22670
22680
22681
22683
22687
22688
22696
22697
22702
22705
22707
22709
22710
22711
22712
22713
22716
22722
22723
22725
22727
22730
22733
22734
22737
22738
22740
22746
22752
22754
22755
22762
22764
22770
22771
22778
22783
22785
22786
22794
22796
22801
22803
22806
22808
22809
22810
22811
22815
22820
22821
22822
22831
22834
22838
22841
22842
22844
22845
22846
22848
22849
22850
22853
22855
22857
22863
22865
22880
22883
22885
22886
22890
22892
22895
22897
22898
22903
22906
22907
22912
22915
22916
22920
22921
22922
22923
22928
22931
22941
22951
22953
22954
22957
22961
22962
22964
22965
22974
22976
22979
22980
22983
22986
22991
22992
23003
23004
23008
23010
23013
23018
23019
23021
23023
23025
23026
23027
23028
23035
23038
23041
23045
23047
23049
23050
23051
23053
23054
23057
23064
23068
23069
23070
23072
23078
23079
23081
23084
23085
23086
23087
23088
23089
23090
23093
23094
23095
23096
23097
23099
23102
23104
23108
23112
23116
23119
23120
23125
23129
23130
23136
23137
23141
23142
23143
23151
23153
23154
23155
23160
23163
23169
23170
23172
23173
23174
23183
23185
23187
23189
23194
23198
23199
23205
23209
23213
23224
23226
23230
23232
23234
23237
23238
23239
23240
23247
23251
23252
23255
23257
23258
23261
23263
23266
23267
23268
23270
23275
23278
23279
23280
23282
23286
23287
23288
23291
23296
23297
23301
23302
23305
23306
23314
23315
23318
23320
23325
23326
23331
23332
23336
23338
23344
23345
23347
23349
23350
23357
23364
23374
23375
23376
23377
23378
23380
23384
23385
23387
23390
23396
23398
23399
23400
23402
23403
23404
23406
23407
23419
23422
23423
23424
23425
23427
23428
23431
23441
23443
23444
23445
23446
23449
23459
23461
23468
23472
23473
23474
23475
23476
23481
23482
23490
23494
23496
23497
23499
23500
23502
23503
23505
23506
23508
23509
23513
23514
23515
23521
23524
23527
23529
23532
23539
23540
23543
23544
23545
23548
23551
23665
23765
23766
23961
23987
24009
24012
24182
24232
24304
24439
24594
24639
24640
24673
24694
24711
24753
24776
24786
24806
24851
24919
24931
24973
25011
25022
25026
25039
25042
25048
25168
25170
25215
25222
25259
25279
25286
25357
25374
25376
25412
25433
25470
25562
25582
25588
25593
25604
25606
25613
25614
25617
25626
25627
25630
25631
25633
25639
25640
25642
25645
25648
25655
25659
25667
25670
25672
25673
25674
25676
25677
25678
25681
25682
25686
25687
25688
25690
25692
25693
25696
25703
25704
25712
25717
25725
25727
25728
25731
25733
25736
25737
25739
25743
25746
25748
25751
25753
25758
25762
25765
25770
25775
25777
25778
25783
25788
25794
25799
25801
25802
25805
25807
25808
25809
25818
25819
25821
25824
25826
25829
25833
25836
25838
25842
25844
25850
25851
25853
25856
25857
25858
25865
25867
25869
25870
25871
25873
25881
25887
25888
25890
25892
25893
25894
25896
25902
25907
25909
25910
25912
25913
25914
25919
25923
25928
25930
25931
25934
25936
25940
25942
25950
25952
25953
25955
25959
25965
25966
25969
25970
25972
25978
25984
25985
25988
25989
25991
25993
25994
25996
25997
26000
26001
26004
26005
26006
26008
26010
26012
26015
26018
26019
26022
26024
26027
26028
26031
26032
26034
26038
26043
26053
26057
26062
26063
26064
26065
26071
26075
26076
26078
26086
26089
26095
26097
26098
26099
26108
26114
26117
26125
26131
26141
26143
26144
26146
26147
26148
26150
26153
26159
26164
26168
26171
26172
26175
26176
26179
26187
26190
26192
26195
26200
26220
26222
26224
26229
26231
26233
26235
26236
26239
26240
26241
26244
26245
26248
26249
26250
26258
26260
26263
26266
26276
26277
26282
26285
26288
26291
26295
26297
26298
26301
26304
26305
26306
26308
26311
26314
26317
26319
26325
26330
26338
26341
26342
26344
26345
26347
26349
26355
26362
26363
26367
26370
26372
26373
26375
26376
26377
26383
26385
26386
26388
26389
26390
26393
26404
26405
26410
26411
26412
26413
26419
26420
26423
26425
26427
26428
26431
26432
26435
26436
26437
26441
26442
26443
26447
26449
26454
26455
26456
26460
26463
26467
26471
26472
26474
26476
26477
26478
26481
26483
26485
26486
26488
26496
26497
26502
26507
26508
26517
26518
26521
26522
26524
26528
26531
26535
26536
26538
26539
26541
26542
26543
26544
26551
26552
26562
26570
26571
26572
26573
26575
26576
26577
26578
26579
26583
26585
26589
26591
26611
26628
26629
26630
26631
26633
26639
26641
26644
26645
26647
26651
26652
26654
26655
26656
26657
26659
26660
26665
26667
26674
26678
26685
26688
26691
26694
26695
26696
26697
26698
26700
26701
26702
26704
26714
26718
26722
26723
26724
26725
26726
26730
26731
26732
26738
26741
26748
26749
26750
26757
26758
26759
26760
26762
26764
26766
26768
26772
26773
26774
26775
26777
26778
26779
26782
26785
26787
26789
26796
26799
26800
26805
26807
26808
26809
26818
26820
26822
26831
26833
26838
26840
26842
26843
26844
26848
26850
26856
26859
26861
26866
26870
26872
26873
26874
26876
26891
26899
26900
26904
26907
26909
26910
26913
26915
26916
26917
26922
26926
26927
26929
26933
26939
26940
26944
26951
26952
26953
26955
26956
26957
26959
26960
26962
26966
26967
26969
26970
26973
26975
26976
26977
26980
26982
26983
26985
26989
26990
26991
26992
26996
26997
26998
26999
27002
27003
27013
27015
27016
27017
27019
27020
27021
27022
27024
27025
27029
27030
27160
27161
27163
27164
27167
27173
27174
27184
27200
27202
27204
27206
27212
27214
27215
27216
27220
27222
27223
27225
27226
27227
27228
27230
27231
27238
27239
27242
27243
27245
27247
27248
27249
27251
27252
27255
27262
27263
27264
27265
27269
27271
27279
27283
27286
27288
27294
27295
27298
27301
27302
27307
27309
27311
27312
27313
27314
27317
27326
27329
27332
27333
27334
27335
27336
27342
27343
27351
27358
27361
27362
27363
27364
27365
27368
27370
27375
27376
27377
27384
27385
27387
27390
27393
27399
27401
27402
27407
27412
27415
27419
27420
27424
27426
27427
27428
27430
27431
27432
27436
27437
27447
27450
27451
27459
27462
27464
27467
27468
27471
27472
27475
27477
27479
27480
27482
27483
27484
27485
27487
27490
27491
27493
27495
27501
27507
27509
27510
27514
27516
27519
27521
27523
27525
27526
27529
27532
27533
27535
27543
27544
27548
27554
27557
27560
27561
27562
27564
27572
27574
27579
27583
27584
27586
27592
27600
27601
27602
27603
27607
27611
27614
27619
27622
27630
27631
27632
27633
27634
27638
27644
27645
27646
27647
27766
27824
27924
27932
27970
28078
28530
28673
28677
28695
28704
28757
28763
28772
28780
28783
28786
28792
28810
28851
28863
28909
28914
28939
28959
28972
28988
28997
28999
29014
29018
29045
29086
29100
29129
29197
29219
29231
29246
29257
29265
29301
29332
29339
29354
29358
29391
29400
29438
29452
29454
29462
29591
29631
29640
29646
29650
29664
29671
29698
29700
29701
29705
29711
29716
29717
29723
29725
29729
29731
29733
29736
29737
29739
29746
29752
29756
29760
29765
29767
29770
29772
29773
29780
29781
29782
29785
29786
29787
29792
29794
29796
29799
29800
29801
29802
29808
29815
29816
29821
29823
29825
29827
29828
29834
29841
29843
29844
29845
29848
29851
29853
29855
29859
29862
29868
29871
29872
29873
29874
29877
29885
29888
29891
29894
29898
29899
29901
29905
29906
29912
29913
29914
29915
29916
29919
29920
29921
29924
29925
29926
29928
29929
29936
29942
29943
29945
29946
29948
29954
29960
29963
29964
29967
29968
29970
29976
29981
29982
29990
29992
30000
30010
30013
30014
30016
30017
30018
30021
30022
30027
30029
30030
30031
30032
30038
30039
30040
30041
30042
30046
30050
30051
30053
30070
30079
30081
30082
30088
30090
30093
30097
30098
30100
30105
30111
30112
30113
30114
30115
30117
30120
30140
30143
30149
30153
30156
30158
30163
30169
30171
30172
30174
30175
30180
30183
30185
30189
30190
30193
30194
30195
30196
30197
30203
30205
30207
30208
30212
30215
30224
30227
30228
30232
30236
30247
30248
30251
30254
30258
30260
30265
30266
30269
30271
30272
30280
30281
30283
30287
30294
30297
30300
30301
30302
30304
30305
30308
30310
30313
30328
30330
30332
30337
30338
30339
30341
30346
30348
30349
30350
30351
30353
30354
30355
30356
30359
30364
30365
30372
30378
30383
30384
30385
30394
30407
30416
30417
30419
30421
30424
30427
30432
30435
30440
30442
30443
30446
30447
30450
30454
30457
30458
30460
30462
30464
30470
30475
30477
30481
30482
30483
30484
30486
30489
30490
30494
30497
30502
30503
30504
30507
30509
30510
30513
30514
30515
30518
30525
30529
30531
30535
30538
30546
30550
30556
30557
30560
30565
30570
30572
30574
30578
30584
30586
30588
30589
30590
30593
30598
30604
30607
30610
30612
30615
30620
30621
30622
30631
30634
30641
30642
30644
30647
30648
30651
30655
30656
30659
30662
30664
30667
30672
30673
30678
30684
30690
30692
30697
30699
30704
30711
30713
30717
30718
30719
30736
30737
30741
30764
30802
30803
30923
30933
30948
30972
31015
31031
31055
31084
31127
31128
31156
31170
31198
31221
31223
31229
31241
31304
31319
31334
31339
31361
31402
31426
31428
31442
31453
31463
31493
31498
31515
31523
31543
31590
31591
31595
31611
31648
31651
31655
31657
31659
31668
31688
31726
31747
31754
31757
31761
31762
31763
31765
31767
31776
31781
31782
31786
31788
31789
31792
31793
31795
31801
31803
31814
31822
31824
31827
31828
31830
31832
31836
31837
31838
31840
31847
31850
31851
31852
31853
31860
31863
31865
31872
31873
31875
31878
31880
31881
31883
31885
31886
31890
31892
31894
31897
31902
31906
31912
31914
31916
31917
31921
31923
31931
31937
31938
31940
31947
31948
31950
31952
31957
31958
31972
31973
31980
31982
31983
31989
31998
32002
32004
32008
32009
32012
32013
32015
32022
32023
32024
32025
32026
32029
32030
32033
32039
32046
32047
32048
32049
32050
32051
32052
32055
32056
32058
32059
32061
32062
32063
32064
32072
32073
32074
32075
32076
32078
32079
32087
32090
32091
32099
32100
32101
32102
32103
32108
32109
32117
32119
32122
32128
32129
32130
32133
32134
32138
32140
32141
32142
32149
32150
32151
32154
32158
32160
32164
32165
32168
32171
32182
32187
32190
32192
32193
32202
32206
32208
32213
32219
32223
32226
32239
32240
32241
32242
32243
32245
32246
32249
32250
32251
32252
32254
32255
32258
32260
32261
32263
32273
32275
32276
32278
32282
32289
32293
32295
32296
32303
32308
32310
32311
32313
32316
32319
32320
32321
32322
32325
32326
32330
32332
32334
32335
32337
32342
32345
32347
32348
32350
32352
32355
32356
32358
32362
32369
32372
32377
32380
32382
32385
32386
32392
32405
32407
32408
32409
32411
32412
32414
32419
32425
32431
32432
32436
32438
32443
32446
32452
32460
32470
32482
32485
32489
32493
32494
32495
32504
32505
32508
32509
32510
32512
32513
32520
32523
32528
32529
32531
32534
32539
32540
32542
32552
32554
32559
32560
32561
32562
32564
32567
32570
32571
32577
32578
32582
32587
32588
32591
32596
32601
32606
32607
32608
32610
32611
32616
32617
32618
32628
32629
32630
32633
32634
32635
32640
32641
32644
32645
32647
32650
32652
32658
32660
32661
32663
32665
32668
32671
32672
32677
32680
32681
32682
32685
32687
32688
32691
32695
32696
32701
32702
32706
32709
32712
32713
32715
32720
32727
32729
32733
32736
32739
32744
32746
32753
32754
32762
32766
32767
32770
32772
32775
32777
32778
32779
32781
32784
32785
32789
32795
32803
32805
32806
32807
32810
32813
32815
32817
32822
32832
32833
32836
32840
32841
32846
32848
32850
32851
32853
32854
32858
32859
32861
32863
32864
32872
32873
32878
32880
32886
32893
32906
32908
32914
32921
32927
32929
32930
32933
32934
32936
32938
32939
32942
32944
32945
32948
32949
32951
32953
32954
32957
32960
32973
32975
32979
32982
32985
32986
32989
32991
32994
32998
32999
33001
33003
33009
33010
33012
33019
33020
33022
33023
33025
33028
33032
33038
33039
33042
33043
33045
33048
33052
33055
33058
33059
33060
33061
33062
33068
33069
33070
33083
33084
33085
33088
33089
33090
33093
33094
33095
33097
33100
33101
33106
33108
33121
33123
33128
33137
33138
33139
33140
33141
33142
33146
33151
33155
33158
33159
33161
33164
33166
33172
33182
33186
33187
33192
33193
33194
33197
33198
33199
33204
33205
33208
33210
33214
33215
33217
33218
33222
33223
33225
33226
33227
33230
33232
33233
33242
33243
33245
33249
33252
33257
33258
33259
33260
33265
33266
33271
33275
33276
33278
33279
33286
33293
33299
33301
33303
33310
33311
33313
33317
33318
33320
33326
33337
33338
33342
33343
33345
33349
33351
33358
33366
33372
33375
33376
33377
33378
33380
33382
33385
33386
33389
33393
33396
33397
33398
33400
33402
33406
33408
33409
33417
33418
33419
33423
33424
33429
33430
33433
33436
33442
33443
33452
33458
33459
33461
33465
33469
33474
33476
33487
33494
33495
33497
33498
33504
33513
33518
33522
33525
33531
33533
33535
33537
33540
33541
33543
33548
33551
33560
33561
33562
33570
33572
33573
33575
33577
33584
33586
33590
33593
33601
33605
33608
33609
33613
33614
33615
33617
33618
33624
33626
33627
33628
33633
33641
33644
33647
33648
33649
33671
33672
33674
33679
33683
33691
33694
33695
33700
33703
33705
33706
33713
33715
33721
33723
33724
33725
33726
33730
33731
33736
33737
33742
33745
33747
33749
33753
33754
33756
33757
33779
33802
33805
33808
33823
33835
33848
33857
33921
33941
33953
33968
34006
34080
34093
34146
34235
34274
34288
34317
34350
34361
34385
34407
34437
34471
34486
34494
34523
34560
34586
34587
34606
34649
34659
34660
34670
34697
34702
34704
34716
34727
34735
34746
34754
34756
34761
34781
34788
34790
34809
34830
34846
34889
34899
34924
34928
34967
34970
34973
34980
34993
34997
35001
35027
35028
35049
35053
35064
35107
35145
35152
35167
35171
35176
35184
35193
35201
35228
35260
35267
35330
35378
35383
35395
35399
35419
35427
35429
35456
35470
35528
35545
35574
35587
35591
35593
35662
35665
35667
35670
35698
35699
35705
35732
35783
35784
35791
35798
35799
35825
35826
35831
35833
35834
35841
35843
35844
35845
35849
35854
35858
35863
35864
35865
35866
35871
35873
35875
35882
35888
35893
35894
35898
35900
35902
35903
35910
35912
35913
35915
35917
35921
35923
35928
35931
35933
35934
35948
35949
35951
35959
35965
35966
35967
35972
35973
35974
35976
35977
35978
35980
35984
35987
35989
35992
35998
35999
36002
36003
36006
36008
36011
36017
36018
36019
36022
36026
36028
36029
36033
36035
36040
36041
36049
36050
36051
36052
36053
36054
36055
36059
36063
36064
36067
36069
36071
36074
36079
36080
36082
36083
36089
36092
36096
36099
36102
36105
36110
36111
36112
36116
36118
36124
36127
36129
36134
36137
36139
36145
36146
36147
36148
36151
36152
36153
36157
36161
36163
36169
36173
36174
36180
36182
36184
36188
36189
36192
36200
36208
36210
36211
36218
36220
36221
36224
36226
36249
36250
36255
36256
36258
36259
36260
36262
36264
36265
36268
36271
36272
36273
36277
36283
36291
36293
36295
36296
36297
36298
36302
36311
36313
36317
36318
36319
36320
36322
36326
36329
36335
36336
36341
36346
36347
36350
36351
36357
36362
36365
36368
36371
36383
36384
36387
36388
36404
36407
36410
36414
36418
36419
36430
36431
36432
36433
36440
36442
36444
36451
36458
36461
36471
36472
36476
36477
36478
36482
36487
36488
36489
36490
36492
36494
36498
36502
36505
36512
36513
36524
36526
36528
36529
36530
36533
36535
36538
36539
36546
36550
36551
36552
36555
36556
36557
36560
36561
36564
36582
36589
36590
36593
36595
36597
36603
36604
36611
36614
36633
36639
36640
36649
36655
36657
36658
36659
36660
36662
36667
36669
36671
36672
36673
36675
36677
36683
36688
36692
36694
36698
36699
36700
36702
36707
36711
36715
36719
36720
36721
36726
36730
36731
36734
36738
36743
36745
36746
36751
36753
36757
36758
36774
36776
36778
36779
36782
36783
36788
36792
36797
36798
36808
36814
36815
36816
36818
36819
36825
36826
36830
36832
36837
36840
36844
36845
36847
36854
36856
36858
36863
36989
37078
37202
37225
38187
38191
38583
38591
38622
38658
38915
38966
38977
38989
39020
39029
39051
39064
39093
39099
39104
39111
39115
39120
39140
39155
39202
39233
39234
39268
39271
39285
39340
39359
39361
39373
39405
39443
39444
39447
39449
39458
39474
39480
39522
39541
39583
39585
39608
39628
39633
39638
39694
39704
39723
39733
39756
39780
39894
39905
39915
39917
39925
39936
39937
39938
39939
39940
39942
39945
39946
39947
39957
39959
39960
39961
39965
39967
39973
39977
39978
39979
39987
39992
39997
39998
40000
40001
40002
40004
40005
40006
40010
40017
40020
40023
40024
40026
40031
40032
40035
40037
40039
40045
40047
40056
40057
40061
40064
40066
40079
40087
40088
40089
40092
40098
40099
40102
40103
40106
40107
40109
40110
40116
40118
40129
40136
40141
40142
40144
40146
40152
40153
40155
40156
40157
40158
40160
40166
40169
40170
40172
40175
40179
40183
40185
40187
40194
40195
40196
40198
40199
40200
40202
40203
40205
40212
40217
40219
40221
40223
40224
40227
40233
40234
40236
40249
40250
40255
40256
40259
40263
40265
40269
40273
40274
40286
40288
40289
40290
40293
40299
40303
40305
40306
40307
40308
40309
40310
40311
40312
40313
40314
40315
40316
40317
40319
40320
40321
40329
40331
40334
40336
40338
40340
40343
40345
40347
40348
40351
40354
40357
40361
40365
40366
40369
40370
40371
40373
40374
40375
40377
40378
40383
40385
40386
40388
40390
40391
40395
40396
40397
40399
40401
40402
40403
40404
40405
40418
40419
40424
40428
40442
40443
40453
40457
40458
40460
40466
40469
40470
40477
40479
40483
40485
40489
40490
40491
40493
40494
40495
40508
40509
40512
40518
40519
40523
40527
40532
40539
40544
40548
40551
40558
40563
40565
40567
40570
40571
40572
40574
40576
40577
40578
40584
40586
40588
40589
40591
40593
40594
40596
40600
40601
40605
40606
40607
40616
40622
40627
40630
40632
40640
40646
40647
40648
40649
40662
40664
40666
40669
40672
40673
40674
40675
40677
40678
40683
40684
40685
40686
40687
40689
40691
40692
40694
40695
40696
40697
40702
40703
40704
40706
40711
40712
40716
40717
40720
40721
40726
40730
40731
40734
40736
40740
40742
40743
40749
40752
40766
40767
40774
40778
40780
40785
40786
40789
40790
40793
40797
40801
40802
40805
40807
40811
40816
40817
40818
40822
40824
40825
40827
40829
40831
40836
40839
40841
40842
40844
40845
40848
40849
40850
40858
40859
40863
40865
40869
40870
40872
40873
40879
40880
40881
40882
40886
40888
40889
40893
40898
40904
40909
40910
40912
40917
40918
40923
40926
40930
40932
40935
40937
40942
40954
40964
41011
41012
41019
41041
41044
41046
41051
41088
41117
41135
41160
41174
41175
41196
41197
41231
41287
41314
41357
41393
41405
41445
41448
41454
41466
41471
41480
41495
41524
41552
41558
41596
41623
41625
41653
41678
41693
41707
41711
41721
41765
41769
41868
41883
41894
41909
41936
41961
41962
41963
41973
42004
42040
42077
42078
42083
42096
42129
42135
42158
42173
42228
42237
42262
42325
42329
42344
42345
42347
42353
42369
42370
42389
42392
42416
42442
42455
42467
42489
42527
42536
42567
42587
42612
42622
42623
42630
42633
42651
42656
42659
42663
42666
42715
42733
42735
42760
42795
42808
42845
42853
42875
42880
42881
42944
42958
42970
42976
43004
43013
43027
43068
43089
43121
43157
43196
43198
43248
43266
43271
43282
43311
43313
43338
43342
43349
43367
43402
43406
43428
43471
43484
43515
43532
43551
43573
43578
43581
43594
43599
43646
43650
43664
43679
43708
43717
43783
43786
43829
43858
43886
43889
43893
43904
43984
43996
44000
44020
44034
44086
44092
44099
44141
44142
44181
44196
44212
44226
44251
44253
44283
44305
44306
44312
44314
44355
44384
44399
44418
44422
44466
44494
44497
44530
44543
44553
44557
44654
44682
44726
44752
44788
44806
44813
44815
44858
44891
44898
44902
44914
44939
44948
44949
44972
44993
45014
45047
45240
45268
45351
45356
45396
45566
46088
46089
46096
46097
46099
46101
46104
46105
46107
46109
46110
46113
46121
46122
46123
46128
46130
46131
46132
46134
46137
46152
46153
46154
46162
46163
46164
46170
46171
46175
46179
46182
46183
46186
46187
46189
46191
46194
46200
46202
46207
46209
46210
46213
46221
46223
46226
46227
46228
46229
46235
46244
46251
46257
46269
46276
46277
46279
46280
46281
46282
46287
46292
46294
46302
46303
46305
46307
46309
46311
46312
46313
46315
46318
46321
46322
46323
46325
46328
46332
46334
46336
46339
46340
46341
46345
46347
46355
46356
46359
46363
46365
46367
46369
46373
46380
46387
46389
46390
46391
46394
46397
46398
46399
46403
46404
46406
46408
46409
46410
46411
46413
46414
46415
46416
46418
46419
46423
46424
46426
46428
46429
46430
46431
46434
46436
46437
46438
46442
46447
46450
46453
46454
46459
46461
46463
46465
46467
46469
46472
46477
46480
46485
46488
46489
46493
46501
46503
46504
46509
46511
46523
46524
46533
46534
46536
46537
46542
46547
46548
46549
46551
46553
46554
46556
46557
46560
46564
46571
46575
46580
46585
46587
46591
46596
46598
46600
46604
46605
46607
46610
46622
46625
46626
46629
46632
46633
46636
46637
46639
46643
46644
46651
46652
46653
46655
46658
46659
46661
46666
46667
46670
46672
46677
46678
46680
46684
46689
46691
46699
46706
46707
46708
46713
46714
46715
46716
46723
46728
46734
46735
46748
46751
46752
46753
46754
46755
46759
46760
46763
46765
46766
46767
46770
46773
46775
46781
46784
46785
46791
46793
46795
46803
46806
46810
46816
46822
46826
46827
46834
46838
46842
46845
46846
46850
46851
46853
46856
46859
46861
46870
46871
46875
46876
46883
46894
46895
46896
46897
46899
46902
46904
46906
46908
46913
46916
46918
46919
46922
46923
46924
46925
46927
46933
46940
46943
46946
46947
46948
46952
46953
46955
46956
46957
46958
46960
46961
46962
46964
46967
46975
46986
46990
46991
46997
46998
47000
47001
47005
47010
47011
47012
47016
47040
47045
47063
47067
47068
47071
47073
47075
47076
47078
47079
47082
47083
47089
47090
47099
47100
47105
47120
47178
47197
47198
47203
47215
47221
47287
47308
47309
47316
47332
47382
47427
47449
47474
47513
47537
47541
47542
47546
47549
47671
47680
47712
47744
47778
47797
47813
47820
47833
47835
47836
47866
47870
47877
47890
47892
47906
47927
47941
47947
47999
48017
48056
48075
48077
48083
48142
48177
48214
48315
48328
48341
48344
48426
48432
48445
48447
48463
48490
48497
48518
48528
48591
48610
48631
48686
48697
48723
48744
48750
48768
48779
48809
48813
48885
48913
48921
48945
48966
48971
48972
48993
49006
49024
49054
49068
49109
49135
49152
49157
49230
49285
49367
49407
49457
49477
49489
49544
49546
49603
49621
49647
49650
49656
49692
49751
49766
49823
49854
49862
49868
49923
49941
49954
49979
49983
50028
50032
50050
50059
50088
50097
50099
50133
50135
50173
50202
50234
50254
50292
50300
50310
50347
50365
50404
50414
50456
50463
50468
50474
50500
50534
50535
50541
50598
50613
50628
50629
50630
50632
50743
50755
50821
50834
50837
50894
51043
51047
51048
51059
51085
51089
51105
51110
51159
51196
51198
51212
51260
51265
51287
51340
51366
51377
51395
51432
51551
51677
51722
51754
51852
52228
53252
53265
53269
53272
53275
53276
53277
53279
53280
53281
53283
53292
53293
53294
53304
53305
53308
53313
53315
53316
53317
53325
53327
53328
53330
53331
53334
53337
53338
53339
53341
53349
53352
53355
53360
53366
53367
53377
53380
53381
53382
53389
53390
53392
53393
53395
53397
53398
53404
53406
53407
53409
53412
53415
53416
53418
53419
53420
53426
53429
53431
53432
53434
53438
53439
53444
53445
53446
53447
53448
53453
53454
53456
53457
53459
53470
53476
53483
53484
53485
53492
53494
53500
53501
53502
53503
53508
53509
53510
53515
53516
53517
53518
53521
53524
53525
53527
53528
53530
53539
53544
53550
53552
53557
53562
53565
53569
53570
53572
53577
53579
53583
53585
53591
53593
53600
53622
53627
53629
53633
53634
53654
53675
55434
55561
